  2.2978E-04  1.3423E-06  2.2978E-04  0.0000E+00  0.0000E+00  0.0000E+00  3.7121E-08  2.0897E-09  4.7093E-06  2.7071E-06  1.4351E-05  1.5089E-03  1.8086E-01  0.0000E+00  1.3166E-05  5.4833E-04  8.1565E-01  5.4833E-04  8.1565E-01
  2.3169E-04  1.4084E-06  1.2079E-03  0.0000E+00  0.0000E+00  0.0000E+00  0.0000E+00  3.9165E-08  2.2874E-09  4.9524E-06  2.8502E-06  1.4786E-05  1.5247E-03  1.8069E-01  0.0000E+00  1.4246E-05  5.5312E-11  5.8185E-04  8.1572E-01
  2.3278E-04  1.4466E-06  1.2295E-03  0.0000E+00  0.0000E+00  0.0000E+00  0.0000E+00  4.0349E-08  2.4051E-09  5.0927E-06  2.9328E-06  1.5034E-05  1.5334E-03  1.8060E-01  0.0000E+00  1.4881E-05  5.9293E-11  6.0122E-04  8.1576E-01
  2.3395E-04  1.4880E-06  1.2527E-03  0.0000E+00  0.0000E+00  0.0000E+00  0.0000E+00  4.1636E-08  2.5354E-09  5.2447E-06  3.0222E-06  1.5298E-05  1.5426E-03  1.8050E-01  0.0000E+00  1.5578E-05  6.3781E-11  6.2222E-04  8.1581E-01
  2.3516E-04  1.5312E-06  1.2768E-03  0.0000E+00  0.0000E+00  0.0000E+00  0.0000E+00  4.2979E-08  2.6741E-09  5.4030E-06  3.1154E-06  1.5570E-05  1.5520E-03  1.8040E-01  0.0000E+00  1.6314E-05  6.8645E-11  6.4411E-04  8.1585E-01
  2.3640E-04  1.5763E-06  1.3016E-03  0.0000E+00  0.0000E+00  0.0000E+00  0.0000E+00  4.4384E-08  2.8220E-09  5.5681E-06  3.2125E-06  1.5851E-05  1.5615E-03  1.8030E-01  0.0000E+00  1.7091E-05  7.3927E-11  6.6697E-04  8.1589E-01
  2.3794E-04  1.6326E-06  1.3323E-03  0.0000E+00  0.0000E+00  0.0000E+00  0.0000E+00  4.6146E-08  3.0134E-09  5.7741E-06  3.3336E-06  1.6194E-05  1.5728E-03  1.8017E-01  0.0000E+00  1.8082E-05  8.0968E-11  6.9552E-04  8.1594E-01
  2.3937E-04  1.6861E-06  1.3610E-03  0.0000E+00  0.0000E+00  0.0000E+00  0.0000E+00  4.7818E-08  3.1990E-09  5.9691E-06  3.4482E-06  1.6514E-05  1.5832E-03  1.8006E-01  0.0000E+00  1.9034E-05  8.7936E-11  7.2256E-04  8.1599E-01
  2.4067E-04  1.7354E-06  1.3873E-03  0.0000E+00  0.0000E+00  0.0000E+00  0.0000E+00  4.9364E-08  3.3748E-09  6.1488E-06  3.5537E-06  1.6804E-05  1.5924E-03  1.7995E-01  0.0000E+00  1.9925E-05  9.4681E-11  7.4749E-04  8.1603E-01
  2.4191E-04  1.7822E-06  1.4122E-03  0.0000E+00  0.0000E+00  0.0000E+00  0.0000E+00  5.0832E-08  3.5417E-09  6.3193E-06  3.6540E-06  1.7080E-05  1.6012E-03  1.7985E-01  0.0000E+00  2.0770E-05  1.0109E-10  7.7117E-04  8.1607E-01
  2.4325E-04  1.8344E-06  1.4394E-03  0.0000E+00  0.0000E+00  0.0000E+00  0.0000E+00  5.2473E-08  3.7368E-09  6.5087E-06  3.7652E-06  1.7377E-05  1.6104E-03  1.7974E-01  0.0000E+00  2.1738E-05  1.0889E-10  7.9749E-04  8.1611E-01
  2.4454E-04  1.8848E-06  1.4656E-03  0.0000E+00  0.0000E+00  0.0000E+00  0.0000E+00  5.4058E-08  3.9256E-09  6.6917E-06  3.8726E-06  1.7664E-05  1.6192E-03  1.7964E-01  0.0000E+00  2.2674E-05  1.1645E-10  8.2291E-04  8.1615E-01
  2.4587E-04  1.9372E-06  1.4928E-03  0.0000E+00  0.0000E+00  0.0000E+00  0.0000E+00  5.5708E-08  4.1248E-09  6.8818E-06  3.9842E-06  1.7960E-05  1.6282E-03  1.7953E-01  0.0000E+00  2.3654E-05  1.2452E-10  8.4934E-04  8.1620E-01
  2.4752E-04  2.0041E-06  1.5268E-03  0.0000E+00  0.0000E+00  0.0000E+00  0.0000E+00  5.7820E-08  4.3893E-09  7.1238E-06  4.1262E-06  1.8328E-05  1.6390E-03  1.7940E-01  0.0000E+00  2.4933E-05  1.3560E-10  8.8299E-04  8.1625E-01
  2.4913E-04  2.0695E-06  1.5600E-03  0.0000E+00  0.0000E+00  0.0000E+00  0.0000E+00  5.9884E-08  4.6496E-09  7.3601E-06  4.2648E-06  1.8685E-05  1.6495E-03  1.7927E-01  0.0000E+00  2.6188E-05  1.4658E-10  9.1585E-04  8.1629E-01
  2.5071E-04  2.1358E-06  1.5930E-03  0.0000E+00  0.0000E+00  0.0000E+00  0.0000E+00  6.1986E-08  4.9260E-09  7.5992E-06  4.4049E-06  1.9037E-05  1.6595E-03  1.7915E-01  0.0000E+00  2.7492E-05  1.5868E-10  9.4912E-04  8.1634E-01
  2.5225E-04  2.2005E-06  1.6252E-03  0.0000E+00  0.0000E+00  0.0000E+00  0.0000E+00  6.4033E-08  5.1952E-09  7.8321E-06  4.5414E-06  1.9379E-05  1.6693E-03  1.7902E-01  0.0000E+00  2.8763E-05  1.7046E-10  9.8152E-04  8.1639E-01
  2.5389E-04  2.2718E-06  1.6599E-03  0.0000E+00  0.0000E+00  0.0000E+00  0.0000E+00  6.6298E-08  5.5071E-09  8.0881E-06  4.6913E-06  1.9745E-05  1.6793E-03  1.7889E-01  0.0000E+00  3.0201E-05  1.8469E-10  1.0171E-03  8.1643E-01
  2.5551E-04  2.3421E-06  1.6941E-03  0.0000E+00  0.0000E+00  0.0000E+00  0.0000E+00  6.8530E-08  5.8152E-09  8.3403E-06  4.8389E-06  2.0104E-05  1.6891E-03  1.7876E-01  0.0000E+00  3.1620E-05  1.9878E-10  1.0522E-03  8.1648E-01
  2.5717E-04  2.4165E-06  1.7297E-03  0.0000E+00  0.0000E+00  0.0000E+00  0.0000E+00  7.0898E-08  6.1528E-09  8.6065E-06  4.9947E-06  2.0476E-05  1.6990E-03  1.7863E-01  0.0000E+00  3.3150E-05  2.1467E-10  1.0893E-03  8.1652E-01
  2.5886E-04  2.4933E-06  1.7662E-03  0.0000E+00  0.0000E+00  0.0000E+00  0.0000E+00  7.3343E-08  6.5083E-09  8.8808E-06  5.1551E-06  2.0853E-05  1.7089E-03  1.7850E-01  0.0000E+00  3.4745E-05  2.3168E-10  1.1274E-03  8.1657E-01
  2.6053E-04  2.5698E-06  1.8024E-03  0.0000E+00  0.0000E+00  0.0000E+00  0.0000E+00  7.5778E-08  6.8645E-09  9.1536E-06  5.3146E-06  2.1228E-05  1.7187E-03  1.7836E-01  0.0000E+00  3.6338E-05  2.4884E-10  1.1654E-03  8.1662E-01
  2.6230E-04  2.6541E-06  1.8414E-03  0.0000E+00  0.0000E+00  0.0000E+00  0.0000E+00  7.8470E-08  7.2778E-09  9.4530E-06  5.4895E-06  2.1625E-05  1.7287E-03  1.7822E-01  0.0000E+00  3.8141E-05  2.6959E-10  1.2070E-03  8.1666E-01
  2.6404E-04  2.7370E-06  1.8797E-03  0.0000E+00  0.0000E+00  0.0000E+00  0.0000E+00  8.1117E-08  7.6843E-09  9.7476E-06  5.6616E-06  2.2017E-05  1.7385E-03  1.7808E-01  0.0000E+00  3.9914E-05  2.9000E-10  1.2480E-03  8.1671E-01
  2.6581E-04  2.8240E-06  1.9194E-03  0.0000E+00  0.0000E+00  0.0000E+00  0.0000E+00  8.3896E-08  8.1239E-09  1.0056E-05  5.8414E-06  2.2418E-05  1.7484E-03  1.7793E-01  0.0000E+00  4.1803E-05  3.1267E-10  1.2908E-03  8.1676E-01
  2.6764E-04  2.9155E-06  1.9606E-03  0.0000E+00  0.0000E+00  0.0000E+00  0.0000E+00  8.6826E-08  8.6005E-09  1.0379E-05  6.0299E-06  2.2831E-05  1.7583E-03  1.7779E-01  0.0000E+00  4.3821E-05  3.3784E-10  1.3357E-03  8.1681E-01
  2.6944E-04  3.0058E-06  2.0012E-03  0.0000E+00  0.0000E+00  0.0000E+00  0.0000E+00  8.9715E-08  9.0706E-09  1.0698E-05  6.2159E-06  2.3239E-05  1.7681E-03  1.7764E-01  0.0000E+00  4.5811E-05  3.6266E-10  1.3800E-03  8.1685E-01
  2.7117E-04  3.0962E-06  2.0412E-03  0.0000E+00  0.0000E+00  0.0000E+00  0.0000E+00  9.2613E-08  9.5607E-09  1.1016E-05  6.4012E-06  2.3635E-05  1.7773E-03  1.7750E-01  0.0000E+00  4.7844E-05  3.8944E-10  1.4242E-03  8.1690E-01
  2.7287E-04  3.1860E-06  2.0806E-03  0.0000E+00  0.0000E+00  0.0000E+00  0.0000E+00  9.5492E-08  1.0055E-08  1.1331E-05  6.5848E-06  2.4024E-05  1.7862E-03  1.7736E-01  0.0000E+00  4.9880E-05  4.1681E-10  1.4680E-03  8.1694E-01
  2.7455E-04  3.2747E-06  2.1195E-03  0.0000E+00  0.0000E+00  0.0000E+00  0.0000E+00  9.8336E-08  1.0544E-08  1.1643E-05  6.7662E-06  2.4408E-05  1.7950E-03  1.7722E-01  0.0000E+00  5.1890E-05  4.4385E-10  1.5112E-03  8.1698E-01
  2.7662E-04  3.3885E-06  2.1683E-03  0.0000E+00  0.0000E+00  0.0000E+00  0.0000E+00  1.0199E-07  1.1199E-08  1.2040E-05  6.9974E-06  2.4883E-05  1.8055E-03  1.7705E-01  0.0000E+00  5.4526E-05  4.8150E-10  1.5663E-03  8.1703E-01
  2.7876E-04  3.5074E-06  2.2192E-03  0.0000E+00  0.0000E+00  0.0000E+00  0.0000E+00  1.0581E-07  1.1890E-08  1.2456E-05  7.2389E-06  2.5377E-05  1.8164E-03  1.7687E-01  0.0000E+00  5.7294E-05  5.2144E-10  1.6239E-03  8.1709E-01
  2.8077E-04  3.6237E-06  2.2680E-03  0.0000E+00  0.0000E+00  0.0000E+00  0.0000E+00  1.0954E-07  1.2593E-08  1.2860E-05  7.4736E-06  2.5846E-05  1.8264E-03  1.7670E-01  0.0000E+00  6.0052E-05  5.6344E-10  1.6799E-03  8.1713E-01
  2.8274E-04  3.7385E-06  2.3160E-03  0.0000E+00  0.0000E+00  0.0000E+00  0.0000E+00  1.1323E-07  1.3293E-08  1.3258E-05  7.7051E-06  2.6305E-05  1.8361E-03  1.7654E-01  0.0000E+00  6.2788E-05  6.0563E-10  1.7351E-03  8.1718E-01
  2.8470E-04  3.8568E-06  2.3647E-03  0.0000E+00  0.0000E+00  0.0000E+00  0.0000E+00  1.1703E-07  1.4039E-08  1.3667E-05  7.9423E-06  2.6766E-05  1.8456E-03  1.7637E-01  0.0000E+00  6.5652E-05  6.5184E-10  1.7917E-03  8.1723E-01
  2.8665E-04  3.9755E-06  2.4133E-03  0.0000E+00  0.0000E+00  0.0000E+00  0.0000E+00  1.2085E-07  1.4796E-08  1.4077E-05  8.1801E-06  2.7224E-05  1.8549E-03  1.7620E-01  0.0000E+00  6.8543E-05  6.9916E-10  1.8485E-03  8.1727E-01
  2.8873E-04  4.1065E-06  2.4662E-03  0.0000E+00  0.0000E+00  0.0000E+00  0.0000E+00  1.2506E-07  1.5657E-08  1.4528E-05  8.4414E-06  2.7718E-05  1.8648E-03  1.7602E-01  0.0000E+00  7.1779E-05  7.5431E-10  1.9109E-03  8.1732E-01
  2.9090E-04  4.2452E-06  2.5218E-03  0.0000E+00  0.0000E+00  0.0000E+00  0.0000E+00  1.2952E-07  1.6583E-08  1.5005E-05  8.7173E-06  2.8235E-05  1.8749E-03  1.7584E-01  0.0000E+00  7.5231E-05  8.1439E-10  1.9768E-03  8.1737E-01
  2.9303E-04  4.3861E-06  2.5774E-03  0.0000E+00  0.0000E+00  0.0000E+00  0.0000E+00  1.3405E-07  1.7554E-08  1.5487E-05  8.9961E-06  2.8746E-05  1.8847E-03  1.7565E-01  0.0000E+00  7.8791E-05  8.7909E-10  2.0434E-03  8.1741E-01
  2.9513E-04  4.5277E-06  2.6328E-03  0.0000E+00  0.0000E+00  0.0000E+00  0.0000E+00  1.3860E-07  1.8545E-08  1.5971E-05  9.2756E-06  2.9253E-05  1.8943E-03  1.7547E-01  0.0000E+00  8.2397E-05  9.4606E-10  2.1102E-03  8.1746E-01
  2.9719E-04  4.6690E-06  2.6876E-03  0.0000E+00  0.0000E+00  0.0000E+00  0.0000E+00  1.4314E-07  1.9555E-08  1.6452E-05  9.5536E-06  2.9751E-05  1.9035E-03  1.7528E-01  0.0000E+00  8.6031E-05  1.0155E-09  2.1766E-03  8.1750E-01
  2.9918E-04  4.8102E-06  2.7417E-03  0.0000E+00  0.0000E+00  0.0000E+00  0.0000E+00  1.4768E-07  2.0593E-08  1.6931E-05  9.8301E-06  3.0237E-05  1.9123E-03  1.7511E-01  0.0000E+00  8.9709E-05  1.0884E-09  2.2428E-03  8.1754E-01
  3.0115E-04  4.9505E-06  2.7954E-03  0.0000E+00  0.0000E+00  0.0000E+00  0.0000E+00  1.5219E-07  2.1623E-08  1.7407E-05  1.0105E-05  3.0721E-05  1.9211E-03  1.7493E-01  0.0000E+00  9.3364E-05  1.1608E-09  2.3085E-03  8.1759E-01
  3.0326E-04  5.1074E-06  2.8543E-03  0.0000E+00  0.0000E+00  0.0000E+00  0.0000E+00  1.5723E-07  2.2825E-08  1.7937E-05  1.0410E-05  3.1242E-05  1.9302E-03  1.7474E-01  0.0000E+00  9.7533E-05  1.2482E-09  2.3815E-03  8.1763E-01
  3.0538E-04  5.2652E-06  2.9133E-03  0.0000E+00  0.0000E+00  0.0000E+00  0.0000E+00  1.6229E-07  2.4037E-08  1.8469E-05  1.0717E-05  3.1765E-05  1.9394E-03  1.7455E-01  0.0000E+00  1.0173E-04  1.3366E-09  2.4549E-03  8.1767E-01
  3.0767E-04  5.4436E-06  2.9791E-03  0.0000E+00  0.0000E+00  0.0000E+00  0.0000E+00  1.6801E-07  2.5455E-08  1.9068E-05  1.1061E-05  3.2341E-05  1.9491E-03  1.7434E-01  0.0000E+00  1.0656E-04  1.4430E-09  2.5375E-03  8.1771E-01
  3.1001E-04  5.6278E-06  3.0465E-03  0.0000E+00  0.0000E+00  0.0000E+00  0.0000E+00  1.7392E-07  2.6937E-08  1.9685E-05  1.1416E-05  3.2928E-05  1.9589E-03  1.7412E-01  0.0000E+00  1.1157E-04  1.5554E-09  2.6226E-03  8.1776E-01
  3.1221E-04  5.8091E-06  3.1119E-03  0.0000E+00  0.0000E+00  0.0000E+00  0.0000E+00  1.7973E-07  2.8447E-08  2.0290E-05  1.1764E-05  3.3489E-05  1.9680E-03  1.7391E-01  0.0000E+00  1.1659E-04  1.6731E-09  2.7061E-03  8.1780E-01
  3.1438E-04  5.9902E-06  3.1766E-03  0.0000E+00  0.0000E+00  0.0000E+00  0.0000E+00  1.8552E-07  2.9978E-08  2.0893E-05  1.2110E-05  3.4043E-05  1.9769E-03  1.7371E-01  0.0000E+00  1.2163E-04  1.7939E-09  2.7891E-03  8.1784E-01
  3.1649E-04  6.1711E-06  3.2407E-03  0.0000E+00  0.0000E+00  0.0000E+00  0.0000E+00  1.9131E-07  3.1536E-08  2.1493E-05  1.2455E-05  3.4586E-05  1.9855E-03  1.7351E-01  0.0000E+00  1.2671E-04  1.9189E-09  2.8719E-03  8.1787E-01
  3.1883E-04  6.3787E-06  3.3133E-03  0.0000E+00  0.0000E+00  0.0000E+00  0.0000E+00  1.9793E-07  3.3370E-08  2.2179E-05  1.2848E-05  3.5196E-05  1.9948E-03  1.7328E-01  0.0000E+00  1.3262E-04  2.0692E-09  2.9665E-03  8.1791E-01
  3.2120E-04  6.5934E-06  3.3877E-03  0.0000E+00  0.0000E+00  0.0000E+00  0.0000E+00  2.0478E-07  3.5304E-08  2.2887E-05  1.3253E-05  3.5817E-05  2.0042E-03  1.7305E-01  0.0000E+00  1.3878E-04  2.2303E-09  3.0641E-03  8.1795E-01
  3.2345E-04  6.8042E-06  3.4600E-03  0.0000E+00  0.0000E+00  0.0000E+00  0.0000E+00  2.1150E-07  3.7246E-08  2.3579E-05  1.3649E-05  3.6413E-05  2.0130E-03  1.7283E-01  0.0000E+00  1.4490E-04  2.3951E-09  3.1596E-03  8.1799E-01
  3.2560E-04  7.0117E-06  3.5302E-03  0.0000E+00  0.0000E+00  0.0000E+00  0.0000E+00  2.1809E-07  3.9206E-08  2.4258E-05  1.4038E-05  3.6988E-05  2.0213E-03  1.7261E-01  0.0000E+00  1.5099E-04  2.5649E-09  3.2533E-03  8.1802E-01
  3.2771E-04  7.2176E-06  3.5996E-03  0.0000E+00  0.0000E+00  0.0000E+00  0.0000E+00  2.2464E-07  4.1168E-08  2.4931E-05  1.4422E-05  3.7553E-05  2.0294E-03  1.7240E-01  0.0000E+00  1.5707E-04  2.7361E-09  3.3462E-03  8.1805E-01
  3.3010E-04  7.4610E-06  3.6804E-03  0.0000E+00  0.0000E+00  0.0000E+00  0.0000E+00  2.3235E-07  4.3564E-08  2.5722E-05  1.4874E-05  3.8202E-05  2.0384E-03  1.7216E-01  0.0000E+00  1.6436E-04  2.9512E-09  3.4554E-03  8.1809E-01
  3.3245E-04  7.7061E-06  3.7611E-03  0.0000E+00  0.0000E+00  0.0000E+00  0.0000E+00  2.4012E-07  4.6016E-08  2.6517E-05  1.5327E-05  3.8847E-05  2.0472E-03  1.7192E-01  0.0000E+00  1.7176E-04  3.1741E-09  3.5653E-03  8.1812E-01
  3.3472E-04  7.9504E-06  3.8405E-03  0.0000E+00  0.0000E+00  0.0000E+00  0.0000E+00  2.4783E-07  4.8515E-08  2.7306E-05  1.5776E-05  3.9475E-05  2.0556E-03  1.7168E-01  0.0000E+00  1.7922E-04  3.4057E-09  3.6743E-03  8.1815E-01
  3.3692E-04  8.1947E-06  3.9192E-03  0.0000E+00  0.0000E+00  0.0000E+00  0.0000E+00  2.5553E-07  5.1073E-08  2.8093E-05  1.6224E-05  4.0090E-05  2.0636E-03  1.7144E-01  0.0000E+00  1.8677E-04  3.6476E-09  3.7832E-03  8.1817E-01
  3.3907E-04  8.4390E-06  3.9972E-03  0.0000E+00  0.0000E+00  0.0000E+00  0.0000E+00  2.6322E-07  5.3664E-08  2.8877E-05  1.6670E-05  4.0698E-05  2.0714E-03  1.7121E-01  0.0000E+00  1.9436E-04  3.8951E-09  3.8917E-03  8.1820E-01
  3.4137E-04  8.7102E-06  4.0827E-03  0.0000E+00  0.0000E+00  0.0000E+00  0.0000E+00  2.7174E-07  5.6623E-08  2.9744E-05  1.7163E-05  4.1354E-05  2.0796E-03  1.7096E-01  0.0000E+00  2.0290E-04  4.1848E-09  4.0119E-03  8.1822E-01
  3.4372E-04  8.9913E-06  4.1709E-03  0.0000E+00  0.0000E+00  0.0000E+00  0.0000E+00  2.8055E-07  5.9717E-08  3.0641E-05  1.7672E-05  4.2029E-05  2.0879E-03  1.7070E-01  0.0000E+00  2.1180E-04  4.4900E-09  4.1363E-03  8.1825E-01
  3.4597E-04  9.2765E-06  4.2587E-03  0.0000E+00  0.0000E+00  0.0000E+00  0.0000E+00  2.8945E-07  6.2980E-08  3.1545E-05  1.8185E-05  4.2689E-05  2.0957E-03  1.7045E-01  0.0000E+00  2.2100E-04  4.8224E-09  4.2620E-03  8.1827E-01
  3.4819E-04  9.5607E-06  4.3459E-03  0.0000E+00  0.0000E+00  0.0000E+00  0.0000E+00  2.9832E-07  6.6246E-08  3.2445E-05  1.8695E-05  4.3343E-05  2.1034E-03  1.7019E-01  0.0000E+00  2.3019E-04  5.1567E-09  4.3871E-03  8.1829E-01
  3.5026E-04  9.8391E-06  4.4300E-03  0.0000E+00  0.0000E+00  0.0000E+00  0.0000E+00  3.0697E-07  6.9550E-08  3.3322E-05  1.9191E-05  4.3965E-05  2.1104E-03  1.6995E-01  0.0000E+00  2.3935E-04  5.5043E-09  4.5093E-03  8.1830E-01
  3.5238E-04  1.0126E-05  4.5164E-03  0.0000E+00  0.0000E+00  0.0000E+00  0.0000E+00  3.1586E-07  7.2971E-08  3.4223E-05  1.9701E-05  4.4601E-05  2.1176E-03  1.6970E-01  0.0000E+00  2.4879E-04  5.8659E-09  4.6350E-03  8.1832E-01
  3.5479E-04  1.0470E-05  4.6185E-03  0.0000E+00  0.0000E+00  0.0000E+00  0.0000E+00  3.2650E-07  7.7208E-08  3.5300E-05  2.0310E-05  4.5341E-05  2.1256E-03  1.6941E-01  0.0000E+00  2.6032E-04  6.3258E-09  4.7856E-03  8.1833E-01
  3.5709E-04  1.0808E-05  4.7177E-03  0.0000E+00  0.0000E+00  0.0000E+00  0.0000E+00  3.3690E-07  8.1451E-08  3.6353E-05  2.0904E-05  4.6054E-05  2.1332E-03  1.6913E-01  0.0000E+00  2.7175E-04  6.7945E-09  4.9330E-03  8.1835E-01
  3.5928E-04  1.1140E-05  4.8145E-03  0.0000E+00  0.0000E+00  0.0000E+00  0.0000E+00  3.4711E-07  8.5697E-08  3.7386E-05  2.1487E-05  4.6743E-05  2.1403E-03  1.6885E-01  0.0000E+00  2.8310E-04  7.2705E-09  5.0779E-03  8.1836E-01
  3.6135E-04  1.1469E-05  4.9088E-03  0.0000E+00  0.0000E+00  0.0000E+00  0.0000E+00  3.5716E-07  9.0014E-08  3.8402E-05  2.2059E-05  4.7405E-05  2.1469E-03  1.6859E-01  0.0000E+00  2.9449E-04  7.7663E-09  5.2208E-03  8.1836E-01
  3.6338E-04  1.1796E-05  5.0024E-03  0.0000E+00  0.0000E+00  0.0000E+00  0.0000E+00  3.6716E-07  9.4348E-08  3.9412E-05  2.2628E-05  4.8059E-05  2.1534E-03  1.6832E-01  0.0000E+00  3.0588E-04  8.2673E-09  5.3631E-03  8.1837E-01
  3.6544E-04  1.2145E-05  5.1007E-03  0.0000E+00  0.0000E+00  0.0000E+00  0.0000E+00  3.7775E-07  9.9096E-08  4.0483E-05  2.3230E-05  4.8736E-05  2.1598E-03  1.6805E-01  0.0000E+00  3.1819E-04  8.8300E-09  5.5145E-03  8.1837E-01
  3.6753E-04  1.2504E-05  5.2016E-03  0.0000E+00  0.0000E+00  0.0000E+00  0.0000E+00  3.8865E-07  1.0404E-07  4.1585E-05  2.3849E-05  4.9427E-05  2.1663E-03  1.6777E-01  0.0000E+00  3.3096E-04  9.4205E-09  5.6704E-03  8.1837E-01
  3.6979E-04  1.2916E-05  5.3154E-03  0.0000E+00  0.0000E+00  0.0000E+00  0.0000E+00  4.0106E-07  1.0985E-07  4.2839E-05  2.4554E-05  5.0195E-05  2.1733E-03  1.6745E-01  0.0000E+00  3.4578E-04  1.0132E-08  5.8486E-03  8.1837E-01
  3.7188E-04  1.3313E-05  5.4239E-03  0.0000E+00  0.0000E+00  0.0000E+00  0.0000E+00  4.1297E-07  1.1559E-07  4.4044E-05  2.5229E-05  5.0918E-05  2.1796E-03  1.6715E-01  0.0000E+00  3.6028E-04  1.0849E-08  6.0204E-03  8.1836E-01
  3.7387E-04  1.3704E-05  5.5299E-03  0.0000E+00  0.0000E+00  0.0000E+00  0.0000E+00  4.2466E-07  1.2135E-07  4.5227E-05  2.5892E-05  5.1617E-05  2.1855E-03  1.6685E-01  0.0000E+00  3.7471E-04  1.1581E-08  6.1897E-03  8.1836E-01
  3.7582E-04  1.4101E-05  5.6364E-03  0.0000E+00  0.0000E+00  0.0000E+00  0.0000E+00  4.3648E-07  1.2730E-07  4.6423E-05  2.6562E-05  5.2313E-05  2.1912E-03  1.6656E-01  0.0000E+00  3.8948E-04  1.2347E-08  6.3613E-03  8.1835E-01
  3.7794E-04  1.4553E-05  5.7565E-03  0.0000E+00  0.0000E+00  0.0000E+00  0.0000E+00  4.4987E-07  1.3422E-07  4.7780E-05  2.7321E-05  5.3088E-05  2.1973E-03  1.6623E-01  0.0000E+00  4.0654E-04  1.3257E-08  6.5569E-03  8.1833E-01
  3.7988E-04  1.4990E-05  5.8712E-03  0.0000E+00  0.0000E+00  0.0000E+00  0.0000E+00  4.6275E-07  1.4109E-07  4.9086E-05  2.8051E-05  5.3816E-05  2.2029E-03  1.6591E-01  0.0000E+00  4.2329E-04  1.4181E-08  6.7460E-03  8.1832E-01
  3.8168E-04  1.5414E-05  5.9813E-03  0.0000E+00  0.0000E+00  0.0000E+00  0.0000E+00  4.7517E-07  1.4787E-07  5.0348E-05  2.8755E-05  5.4507E-05  2.2079E-03  1.6561E-01  0.0000E+00  4.3969E-04  1.5108E-08  6.9295E-03  8.1830E-01
  3.8347E-04  1.5849E-05  6.0933E-03  0.0000E+00  0.0000E+00  0.0000E+00  0.0000E+00  4.8785E-07  1.5493E-07  5.1637E-05  2.9474E-05  5.5205E-05  2.2129E-03  1.6530E-01  0.0000E+00  4.5666E-04  1.6086E-08  7.1176E-03  8.1828E-01
  3.8542E-04  1.6345E-05  6.2200E-03  0.0000E+00  0.0000E+00  0.0000E+00  0.0000E+00  5.0227E-07  1.6316E-07  5.3105E-05  3.0292E-05  5.5984E-05  2.2182E-03  1.6496E-01  0.0000E+00  4.7630E-04  1.7248E-08  7.3328E-03  8.1825E-01
  3.8720E-04  1.6826E-05  6.3410E-03  0.0000E+00  0.0000E+00  0.0000E+00  0.0000E+00  5.1614E-07  1.7135E-07  5.4520E-05  3.1079E-05  5.6716E-05  2.2229E-03  1.6463E-01  0.0000E+00  4.9564E-04  1.8432E-08  7.5415E-03  8.1823E-01
  3.8887E-04  1.7303E-05  6.4600E-03  0.0000E+00  0.0000E+00  0.0000E+00  0.0000E+00  5.2981E-07  1.7962E-07  5.5917E-05  3.1856E-05  5.7427E-05  2.2273E-03  1.6430E-01  0.0000E+00  5.1504E-04  1.9648E-08  7.7487E-03  8.1820E-01
  3.9054E-04  1.7800E-05  6.5827E-03  0.0000E+00  0.0000E+00  0.0000E+00  0.0000E+00  5.4397E-07  1.8838E-07  5.7367E-05  3.2661E-05  5.8153E-05  2.2317E-03  1.6397E-01  0.0000E+00  5.3545E-04  2.0957E-08  7.9647E-03  8.1816E-01
  3.9225E-04  1.8335E-05  6.7137E-03  0.0000E+00  0.0000E+00  0.0000E+00  0.0000E+00  5.5914E-07  1.9801E-07  5.8924E-05  3.3525E-05  5.8918E-05  2.2360E-03  1.6361E-01  0.0000E+00  5.5773E-04  2.2421E-08  8.1979E-03  8.1813E-01
  3.9382E-04  1.8865E-05  6.8418E-03  0.0000E+00  0.0000E+00  0.0000E+00  0.0000E+00  5.7405E-07  2.0778E-07  6.0458E-05  3.4376E-05  5.9654E-05  2.2399E-03  1.6326E-01  0.0000E+00  5.8015E-04  2.3941E-08  8.4294E-03  8.1808E-01
  3.9526E-04  1.9378E-05  6.9646E-03  0.0000E+00  0.0000E+00  0.0000E+00  0.0000E+00  5.8840E-07  2.1744E-07  6.1938E-05  3.5196E-05  6.0350E-05  2.2433E-03  1.6292E-01  0.0000E+00  6.0217E-04  2.5472E-08  8.6543E-03  8.1804E-01
  3.9671E-04  1.9923E-05  7.0938E-03  0.0000E+00  0.0000E+00  0.0000E+00  0.0000E+00  6.0354E-07  2.2787E-07  6.3505E-05  3.6063E-05  6.1075E-05  2.2467E-03  1.6256E-01  0.0000E+00  6.2580E-04  2.7149E-08  8.8936E-03  8.1800E-01
  3.9821E-04  2.0531E-05  7.2365E-03  0.0000E+00  0.0000E+00  0.0000E+00  0.0000E+00  6.2031E-07  2.3974E-07  6.5244E-05  3.7025E-05  6.1863E-05  2.2502E-03  1.6217E-01  0.0000E+00  6.5255E-04  2.9099E-08  9.1615E-03  8.1794E-01
  3.9955E-04  2.1114E-05  7.3717E-03  0.0000E+00  0.0000E+00  0.0000E+00  0.0000E+00  6.3626E-07  2.5139E-07  6.6907E-05  3.7943E-05  6.2599E-05  2.2532E-03  1.6180E-01  0.0000E+00  6.7862E-04  3.1051E-08  9.4194E-03  8.1789E-01
  4.0073E-04  2.1681E-05  7.5017E-03  0.0000E+00  0.0000E+00  0.0000E+00  0.0000E+00  6.5164E-07  2.6301E-07  6.8516E-05  3.8832E-05  6.3294E-05  2.2557E-03  1.6144E-01  0.0000E+00  7.0442E-04  3.3042E-08  9.6715E-03  8.1784E-01
  4.0193E-04  2.2290E-05  7.6400E-03  0.0000E+00  0.0000E+00  0.0000E+00  0.0000E+00  6.6805E-07  2.7569E-07  7.0238E-05  3.9781E-05  6.4025E-05  2.2581E-03  1.6105E-01  0.0000E+00  7.3245E-04  3.5252E-08  9.9430E-03  8.1777E-01
  4.0307E-04  2.2926E-05  7.7830E-03  0.0000E+00  0.0000E+00  0.0000E+00  0.0000E+00  6.8506E-07  2.8918E-07  7.2030E-05  4.0769E-05  6.4772E-05  2.2604E-03  1.6065E-01  0.0000E+00  7.6214E-04  3.7644E-08  1.0228E-02  8.1771E-01
  4.0401E-04  2.3498E-05  7.9103E-03  0.0000E+00  0.0000E+00  0.0000E+00  0.0000E+00  7.0023E-07  3.0158E-07  7.3636E-05  4.1653E-05  6.5425E-05  2.2621E-03  1.6030E-01  0.0000E+00  7.8928E-04  3.9888E-08  1.0485E-02  8.1765E-01
  4.0503E-04  2.4194E-05  8.0635E-03  0.0000E+00  0.0000E+00  0.0000E+00  0.0000E+00  7.1853E-07  3.1699E-07  7.5584E-05  4.2725E-05  6.6200E-05  2.2638E-03  1.5986E-01  0.0000E+00  8.2286E-04  4.2734E-08  1.0801E-02  8.1757E-01
  4.0589E-04  2.4872E-05  8.2110E-03  0.0000E+00  0.0000E+00  0.0000E+00  0.0000E+00  7.3620E-07  3.3237E-07  7.7474E-05  4.3764E-05  6.6933E-05  2.2652E-03  1.5944E-01  0.0000E+00  8.5620E-04  4.5637E-08  1.1110E-02  8.1749E-01
  4.0665E-04  2.5547E-05  8.3562E-03  0.0000E+00  0.0000E+00  0.0000E+00  0.0000E+00  7.5362E-07  3.4802E-07  7.9349E-05  4.4794E-05  6.7643E-05  2.2662E-03  1.5903E-01  0.0000E+00  8.8995E-04  4.8653E-08  1.1420E-02  8.1741E-01
  4.0732E-04  2.6253E-05  8.5065E-03  0.0000E+00  0.0000E+00  0.0000E+00  0.0000E+00  7.7168E-07  3.6476E-07  8.1304E-05  4.5867E-05  6.8367E-05  2.2669E-03  1.5860E-01  0.0000E+00  9.2592E-04  5.1948E-08  1.1747E-02  8.1733E-01
  4.0788E-04  2.6969E-05  8.6569E-03  0.0000E+00  0.0000E+00  0.0000E+00  0.0000E+00  7.8980E-07  3.8211E-07  8.3277E-05  4.6949E-05  6.9078E-05  2.2673E-03  1.5816E-01  0.0000E+00  9.6304E-04  5.5438E-08  1.2081E-02  8.1724E-01
  4.0834E-04  2.7712E-05  8.8114E-03  0.0000E+00  0.0000E+00  0.0000E+00  0.0000E+00  8.0842E-07  4.0056E-07  8.5319E-05  4.8068E-05  6.9797E-05  2.2673E-03  1.5771E-01  0.0000E+00  1.0023E-03  5.9231E-08  1.2431E-02  8.1714E-01
  4.0868E-04  2.8462E-05  8.9654E-03  0.0000E+00  0.0000E+00  0.0000E+00  0.0000E+00  8.2702E-07  4.1964E-07  8.7375E-05  4.9194E-05  7.0500E-05  2.2670E-03  1.5725E-01  0.0000E+00  1.0429E-03  6.3249E-08  1.2788E-02  8.1704E-01
  4.0890E-04  2.9229E-05  9.1209E-03  0.0000E+00  0.0000E+00  0.0000E+00  0.0000E+00  8.4580E-07  4.3960E-07  8.9466E-05  5.0339E-05  7.1197E-05  2.2664E-03  1.5678E-01  0.0000E+00  1.0851E-03  6.7546E-08  1.3155E-02  8.1694E-01
  4.0901E-04  2.9994E-05  9.2744E-03  0.0000E+00  0.0000E+00  0.0000E+00  0.0000E+00  8.6437E-07  4.5995E-07  9.1549E-05  5.1478E-05  7.1875E-05  2.2654E-03  1.5632E-01  0.0000E+00  1.1280E-03  7.2018E-08  1.3526E-02  8.1683E-01
  4.0902E-04  3.0751E-05  9.4248E-03  0.0000E+00  0.0000E+00  0.0000E+00  0.0000E+00  8.8257E-07  4.8044E-07  9.3603E-05  5.2601E-05  7.2530E-05  2.2643E-03  1.5586E-01  0.0000E+00  1.1712E-03  7.6599E-08  1.3895E-02  8.1672E-01
  4.0891E-04  3.1541E-05  9.5796E-03  0.0000E+00  0.0000E+00  0.0000E+00  0.0000E+00  9.0133E-07  5.0242E-07  9.5740E-05  5.3769E-05  7.3190E-05  2.2627E-03  1.5539E-01  0.0000E+00  1.2173E-03  8.1644E-08  1.4285E-02  8.1661E-01
  4.0865E-04  3.2424E-05  9.7507E-03  0.0000E+00  0.0000E+00  0.0000E+00  0.0000E+00  9.2207E-07  5.2756E-07  9.8122E-05  5.5070E-05  7.3907E-05  2.2606E-03  1.5485E-01  0.0000E+00  1.2699E-03  8.7539E-08  1.4725E-02  8.1647E-01
  4.0824E-04  3.3285E-05  9.9152E-03  0.0000E+00  0.0000E+00  0.0000E+00  0.0000E+00  9.4203E-07  5.5274E-07  1.0044E-04  5.6334E-05  7.4582E-05  2.2581E-03  1.5433E-01  0.0000E+00  1.3226E-03  9.3600E-08  1.5161E-02  8.1634E-01
  4.0772E-04  3.4120E-05  1.0073E-02  0.0000E+00  0.0000E+00  0.0000E+00  0.0000E+00  9.6112E-07  5.7775E-07  1.0268E-04  5.7556E-05  7.5216E-05  2.2555E-03  1.5382E-01  0.0000E+00  1.3748E-03  9.9764E-08  1.5589E-02  8.1620E-01
  4.0698E-04  3.5065E-05  1.0248E-02  0.0000E+00  0.0000E+00  0.0000E+00  0.0000E+00  9.8247E-07  6.0685E-07  1.0521E-04  5.8936E-05  7.5911E-05  2.2520E-03  1.5325E-01  0.0000E+00  1.4355E-03  1.0712E-07  1.6081E-02  8.1605E-01
  4.0612E-04  3.5972E-05  1.0415E-02  0.0000E+00  0.0000E+00  0.0000E+00  0.0000E+00  1.0027E-06  6.3556E-07  1.0763E-04  6.0256E-05  7.6554E-05  2.2484E-03  1.5270E-01  0.0000E+00  1.4952E-03  1.1457E-07  1.6560E-02  8.1590E-01
  4.0518E-04  3.6852E-05  1.0574E-02  0.0000E+00  0.0000E+00  0.0000E+00  0.0000E+00  1.0220E-06  6.6405E-07  1.0997E-04  6.1533E-05  7.7160E-05  2.2446E-03  1.5216E-01  0.0000E+00  1.5545E-03  1.2213E-07  1.7030E-02  8.1574E-01
  4.0393E-04  3.7856E-05  1.0753E-02  0.0000E+00  0.0000E+00  0.0000E+00  0.0000E+00  1.0437E-06  6.9754E-07  1.1264E-04  6.2988E-05  7.7825E-05  2.2398E-03  1.5155E-01  0.0000E+00  1.6241E-03  1.3128E-07  1.7576E-02  8.1556E-01
  4.0257E-04  3.8824E-05  1.0923E-02  0.0000E+00  0.0000E+00  0.0000E+00  0.0000E+00  1.0644E-06  7.3074E-07  1.1521E-04  6.4387E-05  7.8444E-05  2.2349E-03  1.5095E-01  0.0000E+00  1.6931E-03  1.4059E-07  1.8112E-02  8.1538E-01
  4.0109E-04  3.9797E-05  1.1092E-02  0.0000E+00  0.0000E+00  0.0000E+00  0.0000E+00  1.0849E-06  7.6502E-07  1.1779E-04  6.5792E-05  7.9046E-05  2.2296E-03  1.5035E-01  0.0000E+00  1.7643E-03  1.5045E-07  1.8659E-02  8.1520E-01
  3.9930E-04  4.0846E-05  1.1270E-02  0.0000E+00  0.0000E+00  0.0000E+00  0.0000E+00  1.1066E-06  8.0314E-07  1.2057E-04  6.7305E-05  7.9670E-05  2.2235E-03  1.4970E-01  0.0000E+00  1.8436E-03  1.6173E-07  1.9261E-02  8.1499E-01
  3.9740E-04  4.1872E-05  1.1442E-02  0.0000E+00  0.0000E+00  0.0000E+00  0.0000E+00  1.1275E-06  8.4149E-07  1.2328E-04  6.8781E-05  8.0258E-05  2.2172E-03  1.4906E-01  0.0000E+00  1.9234E-03  1.7340E-07  1.9860E-02  8.1478E-01
  3.9538E-04  4.2898E-05  1.1612E-02  0.0000E+00  0.0000E+00  0.0000E+00  0.0000E+00  1.1481E-06  8.8091E-07  1.2599E-04  7.0256E-05  8.0826E-05  2.2107E-03  1.4842E-01  0.0000E+00  2.0055E-03  1.8572E-07  2.0470E-02  8.1456E-01
  3.9290E-04  4.4054E-05  1.1799E-02  0.0000E+00  0.0000E+00  0.0000E+00  0.0000E+00  1.1709E-06  9.2690E-07  1.2904E-04  7.1919E-05  8.1439E-05  2.2028E-03  1.4769E-01  0.0000E+00  2.1014E-03  2.0056E-07  2.1175E-02  8.1431E-01
  3.9040E-04  4.5146E-05  1.1973E-02  0.0000E+00  0.0000E+00  0.0000E+00  0.0000E+00  1.1920E-06  9.7176E-07  1.3192E-04  7.3490E-05  8.1996E-05  2.1950E-03  1.4700E-01  0.0000E+00  2.1951E-03  2.1548E-07  2.1854E-02  8.1406E-01
  3.8763E-04  4.6293E-05  1.2152E-02  0.0000E+00  0.0000E+00  0.0000E+00  0.0000E+00  1.2138E-06  1.0203E-06  1.3494E-04  7.5138E-05  8.2558E-05  2.1865E-03  1.4626E-01  0.0000E+00  2.2967E-03  2.3211E-07  2.2583E-02  8.1379E-01
  3.8453E-04  4.7493E-05  1.2336E-02  0.0000E+00  0.0000E+00  0.0000E+00  0.0000E+00  1.2362E-06  1.0730E-06  1.3810E-04  7.6865E-05  8.3121E-05  2.1771E-03  1.4549E-01  0.0000E+00  2.4071E-03  2.5076E-07  2.3365E-02  8.1350E-01
  3.8136E-04  4.8658E-05  1.2511E-02  0.0000E+00  0.0000E+00  0.0000E+00  0.0000E+00  1.2575E-06  1.1260E-06  1.4118E-04  7.8542E-05  8.3643E-05  2.1677E-03  1.4473E-01  0.0000E+00  2.5184E-03  2.7011E-07  2.4144E-02  8.1320E-01
  3.7785E-04  4.9893E-05  1.2693E-02  0.0000E+00  0.0000E+00  0.0000E+00  0.0000E+00  1.2797E-06  1.1840E-06  1.4443E-04  8.0322E-05  8.4175E-05  2.1573E-03  1.4391E-01  0.0000E+00  2.6407E-03  2.9202E-07  2.4989E-02  8.1287E-01
  3.7409E-04  5.1167E-05  1.2877E-02  0.0000E+00  0.0000E+00  0.0000E+00  0.0000E+00  1.3021E-06  1.2460E-06  1.4779E-04  8.2159E-05  8.4702E-05  2.1464E-03  1.4307E-01  0.0000E+00  2.7715E-03  3.1621E-07  2.5882E-02  8.1251E-01
  3.7035E-04  5.2394E-05  1.3050E-02  0.0000E+00  0.0000E+00  0.0000E+00  0.0000E+00  1.3233E-06  1.3078E-06  1.5103E-04  8.3930E-05  8.5190E-05  2.1356E-03  1.4226E-01  0.0000E+00  2.9021E-03  3.4110E-07  2.6761E-02  8.1215E-01
  3.6595E-04  5.3775E-05  1.3240E-02  0.0000E+00  0.0000E+00  0.0000E+00  0.0000E+00  1.3466E-06  1.3799E-06  1.5468E-04  8.5929E-05  8.5715E-05  2.1231E-03  1.4133E-01  0.0000E+00  3.0553E-03  3.7119E-07  2.7780E-02  8.1172E-01
  3.6139E-04  5.5151E-05  1.3425E-02  0.0000E+00  0.0000E+00  0.0000E+00  0.0000E+00  1.3693E-06  1.4549E-06  1.5832E-04  8.7926E-05  8.6212E-05  2.1102E-03  1.4039E-01  0.0000E+00  3.2149E-03  4.0367E-07  2.8826E-02  8.1128E-01
  3.5682E-04  5.6484E-05  1.3600E-02  0.0000E+00  0.0000E+00  0.0000E+00  0.0000E+00  1.3907E-06  1.5306E-06  1.6185E-04  8.9868E-05  8.6671E-05  2.0973E-03  1.3948E-01  0.0000E+00  3.3767E-03  4.3774E-07  2.9871E-02  8.1082E-01
  3.5155E-04  5.7979E-05  1.3790E-02  0.0000E+00  0.0000E+00  0.0000E+00  0.0000E+00  1.4142E-06  1.6190E-06  1.6582E-04  9.2050E-05  8.7162E-05  2.0826E-03  1.3845E-01  0.0000E+00  3.5664E-03  4.7915E-07  3.1077E-02  8.1028E-01
  3.4634E-04  5.9429E-05  1.3970E-02  0.0000E+00  0.0000E+00  0.0000E+00  0.0000E+00  1.4364E-06  1.7083E-06  1.6967E-04  9.4171E-05  8.7617E-05  2.0682E-03  1.3744E-01  0.0000E+00  3.7586E-03  5.2261E-07  3.2281E-02  8.0973E-01
  3.4100E-04  6.0883E-05  1.4146E-02  0.0000E+00  0.0000E+00  0.0000E+00  0.0000E+00  1.4581E-06  1.8014E-06  1.7353E-04  9.6303E-05  8.8054E-05  2.0534E-03  1.3641E-01  0.0000E+00  3.9595E-03  5.6960E-07  3.3521E-02  8.0914E-01
  3.3504E-04  6.2484E-05  1.4334E-02  0.0000E+00  0.0000E+00  0.0000E+00  0.0000E+00  1.4814E-06  1.9084E-06  1.7779E-04  9.8659E-05  8.8514E-05  2.0370E-03  1.3528E-01  0.0000E+00  4.1913E-03  6.2591E-07  3.4929E-02  8.0846E-01
  3.2911E-04  6.4047E-05  1.4512E-02  0.0000E+00  0.0000E+00  0.0000E+00  0.0000E+00  1.5034E-06  2.0174E-06  1.8195E-04  1.0097E-04  8.8942E-05  2.0207E-03  1.3417E-01  0.0000E+00  4.4285E-03  6.8574E-07  3.6346E-02  8.0775E-01
  3.2319E-04  6.5574E-05  1.4681E-02  0.0000E+00  0.0000E+00  0.0000E+00  0.0000E+00  1.5244E-06  2.1286E-06  1.8603E-04  1.0323E-04  8.9339E-05  2.0045E-03  1.3307E-01  0.0000E+00  4.6715E-03  7.4914E-07  3.7776E-02  8.0703E-01
  3.1627E-04  6.7345E-05  1.4869E-02  0.0000E+00  0.0000E+00  0.0000E+00  0.0000E+00  1.5479E-06  2.2638E-06  1.9076E-04  1.0586E-04  8.9779E-05  1.9855E-03  1.3179E-01  0.0000E+00  4.9681E-03  8.2992E-07  3.9489E-02  8.0613E-01
  3.0967E-04  6.9042E-05  1.5045E-02  0.0000E+00  0.0000E+00  0.0000E+00  0.0000E+00  1.5697E-06  2.3990E-06  1.9529E-04  1.0839E-04  9.0185E-05  1.9674E-03  1.3056E-01  0.0000E+00  5.2655E-03  9.1434E-07  4.1175E-02  8.0521E-01
  3.0325E-04  7.0679E-05  1.5209E-02  0.0000E+00  0.0000E+00  0.0000E+00  0.0000E+00  1.5902E-06  2.5349E-06  1.9966E-04  1.1084E-04  9.0561E-05  1.9499E-03  1.2936E-01  0.0000E+00  5.5658E-03  1.0027E-06  4.2850E-02  8.0429E-01
  2.9572E-04  7.2579E-05  1.5391E-02  0.0000E+00  0.0000E+00  0.0000E+00  0.0000E+00  1.6130E-06  2.7014E-06  2.0474E-04  1.1369E-04  9.0974E-05  1.9293E-03  1.2796E-01  0.0000E+00  5.9354E-03  1.1166E-06  4.4870E-02  8.0313E-01
  2.8850E-04  7.4406E-05  1.5559E-02  0.0000E+00  0.0000E+00  0.0000E+00  0.0000E+00  1.6341E-06  2.8692E-06  2.0962E-04  1.1645E-04  9.1355E-05  1.9095E-03  1.2660E-01  0.0000E+00  6.3095E-03  1.2370E-06  4.6874E-02  8.0196E-01
  2.8127E-04  7.6261E-05  1.5725E-02  0.0000E+00  0.0000E+00  0.0000E+00  0.0000E+00  1.6549E-06  3.0470E-06  2.1457E-04  1.1924E-04  9.1732E-05  1.8896E-03  1.2523E-01  0.0000E+00  6.7067E-03  1.3705E-06  4.8961E-02  8.0070E-01
  2.7350E-04  7.8262E-05  1.5896E-02  0.0000E+00  0.0000E+00  0.0000E+00  0.0000E+00  1.6764E-06  3.2484E-06  2.1990E-04  1.2227E-04  9.2123E-05  1.8683E-03  1.2375E-01  0.0000E+00  7.1589E-03  1.5296E-06  5.1286E-02  7.9925E-01
  2.6606E-04  8.0188E-05  1.6053E-02  0.0000E+00  0.0000E+00  0.0000E+00  0.0000E+00  1.6961E-06  3.4522E-06  2.2502E-04  1.2520E-04  9.2484E-05  1.8478E-03  1.2231E-01  0.0000E+00  7.6182E-03  1.6987E-06  5.3600E-02  7.9778E-01
  2.5815E-04  8.2248E-05  1.6215E-02  0.0000E+00  0.0000E+00  0.0000E+00  0.0000E+00  1.7164E-06  3.6807E-06  2.3049E-04  1.2833E-04  9.2856E-05  1.8260E-03  1.2076E-01  0.0000E+00  8.1355E-03  1.8978E-06  5.6153E-02  7.9611E-01
  2.5009E-04  8.4391E-05  1.6375E-02  0.0000E+00  0.0000E+00  0.0000E+00  0.0000E+00  1.7364E-06  3.9305E-06  2.3616E-04  1.3160E-04  9.3232E-05  1.8036E-03  1.1916E-01  0.0000E+00  8.7029E-03  2.1275E-06  5.8888E-02  7.9427E-01
  2.4256E-04  8.6427E-05  1.6521E-02  0.0000E+00  0.0000E+00  0.0000E+00  0.0000E+00  1.7546E-06  4.1796E-06  2.4153E-04  1.3470E-04  9.3580E-05  1.7827E-03  1.1763E-01  0.0000E+00  9.2707E-03  2.3688E-06  6.1562E-02  7.9242E-01
  2.3491E-04  8.8528E-05  1.6665E-02  0.0000E+00  0.0000E+00  0.0000E+00  0.0000E+00  1.7724E-06  4.4480E-06  2.4704E-04  1.3791E-04  9.3929E-05  1.7613E-03  1.1606E-01  0.0000E+00  9.8846E-03  2.6411E-06  6.4395E-02  7.9042E-01
  2.2649E-04  9.0877E-05  1.6817E-02  0.0000E+00  0.0000E+00  0.0000E+00  0.0000E+00  1.7911E-06  4.7656E-06  2.5317E-04  1.4151E-04  9.4305E-05  1.7377E-03  1.1430E-01  0.0000E+00  1.0615E-02  2.9833E-06  6.7677E-02  7.8804E-01
  2.1870E-04  9.3090E-05  1.6952E-02  0.0000E+00  0.0000E+00  0.0000E+00  0.0000E+00  1.8076E-06  5.0803E-06  2.5892E-04  1.4490E-04  9.4648E-05  1.7157E-03  1.1263E-01  0.0000E+00  1.1341E-02  3.3414E-06  7.0869E-02  7.8567E-01
  2.1042E-04  9.5488E-05  1.7089E-02  0.0000E+00  0.0000E+00  0.0000E+00  0.0000E+00  1.8241E-06  5.4405E-06  2.6510E-04  1.4858E-04  9.5006E-05  1.6923E-03  1.1082E-01  0.0000E+00  1.2177E-02  3.7765E-06  7.4445E-02  7.8295E-01
  2.0219E-04  9.7956E-05  1.7224E-02  0.0000E+00  0.0000E+00  0.0000E+00  0.0000E+00  1.8399E-06  5.8301E-06  2.7140E-04  1.5236E-04  9.5367E-05  1.6688E-03  1.0897E-01  0.0000E+00  1.3084E-02  4.2760E-06  7.8219E-02  7.8000E-01
  1.9536E-04  1.0010E-04  1.7336E-02  0.0000E+00  0.0000E+00  0.0000E+00  0.0000E+00  1.8527E-06  6.1821E-06  2.7678E-04  1.5561E-04  9.5680E-05  1.6493E-03  1.0739E-01  0.0000E+00  1.3905E-02  4.7520E-06  8.1545E-02  7.7734E-01
  1.8811E-04  1.0243E-04  1.7453E-02  0.0000E+00  0.0000E+00  0.0000E+00  0.0000E+00  1.8660E-06  6.5807E-06  2.8261E-04  1.5915E-04  9.6021E-05  1.6285E-03  1.0567E-01  0.0000E+00  1.4835E-02  5.3157E-06  8.5238E-02  7.7433E-01
  1.8050E-04  1.0501E-04  1.7576E-02  0.0000E+00  0.0000E+00  0.0000E+00  0.0000E+00  1.8796E-06  7.0396E-06  2.8893E-04  1.6303E-04  9.6397E-05  1.6065E-03  1.0381E-01  0.0000E+00  1.5907E-02  6.0035E-06  8.9372E-02  7.7088E-01
  1.7310E-04  1.0760E-04  1.7693E-02  0.0000E+00  0.0000E+00  0.0000E+00  0.0000E+00  1.8922E-06  7.5259E-06  2.9523E-04  1.6693E-04  9.6774E-05  1.5851E-03  1.0195E-01  0.0000E+00  1.7046E-02  6.7771E-06  9.3638E-02  7.6723E-01
  1.6698E-04  1.0984E-04  1.7790E-02  0.0000E+00  0.0000E+00  0.0000E+00  0.0000E+00  1.9022E-06  7.9616E-06  3.0057E-04  1.7026E-04  9.7099E-05  1.5674E-03  1.0037E-01  0.0000E+00  1.8068E-02  7.5066E-06  9.7366E-02  7.6398E-01
  1.5994E-04  1.1250E-04  1.7897E-02  0.0000E+00  0.0000E+00  0.0000E+00  0.0000E+00  1.9129E-06  8.5044E-06  3.0683E-04  1.7422E-04  9.7478E-05  1.5469E-03  9.8499E-02  0.0000E+00  1.9344E-02  8.4693E-06  1.0189E-01  7.5995E-01
  1.5367E-04  1.1500E-04  1.7994E-02  0.0000E+00  0.0000E+00  0.0000E+00  0.0000E+00  1.9221E-06  9.0309E-06  3.1258E-04  1.7788E-04  9.7833E-05  1.5286E-03  9.6781E-02  0.0000E+00  2.0581E-02  9.4519E-06  1.0617E-01  7.5607E-01
  1.4718E-04  1.1767E-04  1.8091E-02  0.0000E+00  0.0000E+00  0.0000E+00  0.0000E+00  1.9308E-06  9.6228E-06  3.1865E-04  1.8180E-04  9.8208E-05  1.5096E-03  9.4951E-02  0.0000E+00  2.1975E-02  1.0623E-05  1.1085E-01  7.5174E-01
  1.4129E-04  1.2017E-04  1.8174E-02  0.0000E+00  0.0000E+00  0.0000E+00  0.0000E+00  1.9377E-06  1.0201E-05  3.2420E-04  1.8543E-04  9.8547E-05  1.4923E-03  9.3250E-02  0.0000E+00  2.3341E-02  1.1831E-05  1.1531E-01  7.4754E-01
  1.3503E-04  1.2283E-04  1.8250E-02  0.0000E+00  0.0000E+00  0.0000E+00  0.0000E+00  1.9432E-06  1.0857E-05  3.3007E-04  1.8933E-04  9.8889E-05  1.4739E-03  9.1404E-02  0.0000E+00  2.4902E-02  1.3290E-05  1.2027E-01  7.4280E-01
  1.2933E-04  1.2538E-04  1.8319E-02  0.0000E+00  0.0000E+00  0.0000E+00  0.0000E+00  1.9475E-06  1.1507E-05  3.3554E-04  1.9302E-04  9.9211E-05  1.4570E-03  8.9670E-02  0.0000E+00  2.6452E-02  1.4818E-05  1.2506E-01  7.3813E-01
  1.2366E-04  1.2804E-04  1.8387E-02  0.0000E+00  0.0000E+00  0.0000E+00  0.0000E+00  1.9510E-06  1.2212E-05  3.4111E-04  1.9683E-04  9.9540E-05  1.4402E-03  8.7889E-02  0.0000E+00  2.8132E-02  1.6564E-05  1.3009E-01  7.3314E-01
  1.1815E-04  1.3070E-04  1.8447E-02  0.0000E+00  0.0000E+00  0.0000E+00  0.0000E+00  1.9530E-06  1.2953E-05  3.4656E-04  2.0061E-04  9.9855E-05  1.4238E-03  8.6111E-02  0.0000E+00  2.9907E-02  1.8520E-05  1.3526E-01  7.2793E-01
  1.1331E-04  1.3310E-04  1.8493E-02  0.0000E+00  0.0000E+00  0.0000E+00  0.0000E+00  1.9535E-06  1.3651E-05  3.5135E-04  2.0401E-04  1.0012E-04  1.4093E-03  8.4509E-02  0.0000E+00  3.1584E-02  2.0460E-05  1.4001E-01  7.2306E-01
  1.0824E-04  1.3568E-04  1.8538E-02  0.0000E+00  0.0000E+00  0.0000E+00  0.0000E+00  1.9530E-06  1.4430E-05  3.5639E-04  2.0764E-04  1.0040E-04  1.3940E-03  8.2794E-02  0.0000E+00  3.3463E-02  2.2736E-05  1.4520E-01  7.1767E-01
  1.0366E-04  1.3812E-04  1.8574E-02  0.0000E+00  0.0000E+00  0.0000E+00  0.0000E+00  1.9513E-06  1.5199E-05  3.6099E-04  2.1102E-04  1.0065E-04  1.3801E-03  8.1193E-02  0.0000E+00  3.5321E-02  2.5122E-05  1.5016E-01  7.1241E-01
  9.9206E-05  1.4056E-04  1.8606E-02  0.0000E+00  0.0000E+00  0.0000E+00  0.0000E+00  1.9485E-06  1.5997E-05  3.6547E-04  2.1438E-04  1.0089E-04  1.3665E-03  7.9599E-02  0.0000E+00  3.7257E-02  2.7726E-05  1.5521E-01  7.0700E-01
  9.4953E-05  1.4295E-04  1.8629E-02  0.0000E+00  0.0000E+00  0.0000E+00  0.0000E+00  1.9445E-06  1.6813E-05  3.6973E-04  2.1765E-04  1.0110E-04  1.3535E-03  7.8041E-02  0.0000E+00  3.9243E-02  3.0532E-05  1.6024E-01  7.0152E-01
  9.1126E-05  1.4514E-04  1.8644E-02  0.0000E+00  0.0000E+00  0.0000E+00  0.0000E+00  1.9395E-06  1.7597E-05  3.7352E-04  2.2062E-04  1.0128E-04  1.3417E-03  7.6605E-02  0.0000E+00  4.1161E-02  3.3379E-05  1.6497E-01  6.9629E-01
  8.7187E-05  1.4747E-04  1.8655E-02  0.0000E+00  0.0000E+00  0.0000E+00  0.0000E+00  1.9332E-06  1.8459E-05  3.7740E-04  2.2375E-04  1.0146E-04  1.3294E-03  7.5092E-02  0.0000E+00  4.3278E-02  3.6670E-05  1.7005E-01  6.9060E-01
  8.3695E-05  1.4962E-04  1.8661E-02  0.0000E+00  0.0000E+00  0.0000E+00  0.0000E+00  1.9267E-06  1.9276E-05  3.8085E-04  2.2659E-04  1.0161E-04  1.3184E-03  7.3716E-02  0.0000E+00  4.5289E-02  3.9941E-05  1.7475E-01  6.8526E-01
  8.0166E-05  1.5181E-04  1.8661E-02  0.0000E+00  0.0000E+00  0.0000E+00  0.0000E+00  1.9187E-06  2.0147E-05  3.8426E-04  2.2947E-04  1.0175E-04  1.3072E-03  7.2299E-02  0.0000E+00  4.7446E-02  4.3603E-05  1.7968E-01  6.7960E-01
  7.6913E-05  1.5391E-04  1.8657E-02  0.0000E+00  0.0000E+00  0.0000E+00  0.0000E+00  1.9102E-06  2.1009E-05  3.8739E-04  2.3220E-04  1.0187E-04  1.2967E-03  7.0958E-02  0.0000E+00  4.9585E-02  4.7406E-05  1.8442E-01  6.7406E-01
